D	0	50	50
D	0	50	50
~	1000
D	0	50	50
D	1	50	50
~	1000
D	0	50	50
D	2	50	50
~	1000
D	0	50	50
D	3	50	50
~	1000
D	0	50	50
D	4	50	50
~	1000
D	0	50	50
D	5	50	50
~	1000
D	0	50	50
D	6	50	50
~	1000
D	0	50	50
D	7	50	50
~	1000
D	0	50	50
D	8	50	50
~	1000
D	0	50	50
D	9	50	50
~	1000
D	1	50	50
D	0	50	50
~	1000
D	1	50	50
D	1	50	50
~	1000
D	1	50	50
D	2	50	50
~	1000
D	1	50	50
D	3	50	50
~	1000
D	1	50	50
D	4	50	50
~	1000
D	1	50	50
D	5	50	50
~	1000
D	1	50	50
D	6	50	50
~	1000
D	1	50	50
D	7	50	50
~	1000
D	1	50	50
D	8	50	50
~	1000
D	1	50	50
D	9	50	50
~	1000
D	2	50	50
D	0	50	50
~	1000
D	2	50	50
D	1	50	50
~	1000
D	2	50	50
D	2	50	50
~	1000
D	2	50	50
D	3	50	50
~	1000
D	2	50	50
D	4	50	50
~	1000
D	2	50	50
D	5	50	50
~	1000
D	2	50	50
D	6	50	50
~	1000
D	2	50	50
D	7	50	50
~	1000
D	2	50	50
D	8	50	50
~	1000
D	2	50	50
D	9	50	50
~	1000
D	3	50	50
D	0	50	50
~	1000
D	3	50	50
D	1	50	50
~	1000
D	3	50	50
D	2	50	50
~	1000
D	3	50	50
D	3	50	50
~	1000
D	3	50	50
D	4	50	50
~	1000
D	3	50	50
D	5	50	50
~	1000
D	3	50	50
D	6	50	50
~	1000
D	3	50	50
D	7	50	50
~	1000
D	3	50	50
D	8	50	50
~	1000
D	3	50	50
D	9	50	50
~	1000
D	4	50	50
D	0	50	50
~	1000
D	4	50	50
D	1	50	50
~	1000
D	4	50	50
D	2	50	50
~	1000
D	4	50	50
D	3	50	50
~	1000
D	4	50	50
D	4	50	50
~	1000
D	4	50	50
D	5	50	50
~	1000
D	4	50	50
D	6	50	50
~	1000
D	4	50	50
D	7	50	50
~	1000
D	4	50	50
D	8	50	50
~	1000
D	4	50	50
D	9	50	50
~	1000
D	5	50	50
D	0	50	50
~	1000
D	5	50	50
D	1	50	50
~	1000
D	5	50	50
D	2	50	50
~	1000
D	5	50	50
D	3	50	50
~	1000
D	5	50	50
D	4	50	50
~	1000
D	5	50	50
D	5	50	50
~	1000
D	5	50	50
D	6	50	50
~	1000
D	5	50	50
D	7	50	50
~	1000
D	5	50	50
D	8	50	50
~	1000
D	5	50	50
D	9	50	50
~	1000
D	6	50	50
D	0	50	50
~	1000
D	6	50	50
D	1	50	50
~	1000
D	6	50	50
D	2	50	50
~	1000
D	6	50	50
D	3	50	50
~	1000
D	6	50	50
D	4	50	50
~	1000
D	6	50	50
D	5	50	50
~	1000
D	6	50	50
D	6	50	50
~	1000
D	6	50	50
D	7	50	50
~	1000
D	6	50	50
D	8	50	50
~	1000
D	6	50	50
D	9	50	50
~	1000
D	7	50	50
D	0	50	50
~	1000
D	7	50	50
D	1	50	50
~	1000
D	7	50	50
D	2	50	50
~	1000
D	7	50	50
D	3	50	50
~	1000
D	7	50	50
D	4	50	50
~	1000
D	7	50	50
D	5	50	50
~	1000
D	7	50	50
D	6	50	50
~	1000
D	7	50	50
D	7	50	50
~	1000
D	7	50	50
D	8	50	50
~	1000
D	7	50	50
D	9	50	50
~	1000
D	8	50	50
D	0	50	50
~	1000
D	8	50	50
D	1	50	50
~	1000
D	8	50	50
D	2	50	50
~	1000
D	8	50	50
D	3	50	50
~	1000
D	8	50	50
D	4	50	50
~	1000
D	8	50	50
D	5	50	50
~	1000
D	8	50	50
D	6	50	50
~	1000
D	8	50	50
D	7	50	50
~	1000
D	8	50	50
D	8	50	50
~	1000
D	8	50	50
D	9	50	50
~	1000
D	9	50	50
D	0	50	50
~	1000
D	9	50	50
D	1	50	50
~	1000
D	9	50	50
D	2	50	50
~	1000
D	9	50	50
D	3	50	50
~	1000
D	9	50	50
D	4	50	50
~	1000
D	9	50	50
D	5	50	50
~	1000
D	9	50	50
D	6	50	50
~	1000
D	9	50	50
D	7	50	50
~	1000
D	9	50	50
D	8	50	50
~	1000
D	9	50	50
D	9	50	50
~	1000
